---
imu_link:
  translation:
    x: -0.51689
    y: -0.38158
    z: 1.8366
  rotation:
    r: -1.5708
    p: 1.5708
    y: 0.0
