---
imu_link:
  translation:
    x: -0.983
    y: 0.234
    z: 0.166
  rotation:
    r: 3.14159
    p: 0
    y: 1.57079
